image_width: 346
image_height: 260
camera_name: DAVIS-03460003
camera_matrix:
  rows: 3
  cols: 3
  data: [322.84343151, 0.000000, 162.43306567, 0.000000, 322.7139919, 141.15135261, 0.000000, 0.000000, 1.000000]
distortion_model: plumb_bob
distortion_coefficients:
  rows: 1
  cols: 4
  data: [-0.32290761, 0.11715921, 0.00179983, 0.00207257]
rectification_matrix:
  rows: 3
  cols: 3
  data: [1, 0, 0, 0, 1, 0, 0, 0, 1]
projection_matrix:
  rows: 3
  cols: 4
  data: [322.84343151, 0.000000, 162.43306567, 0, 0.000000, 322.7139919, 141.15135261, 0.000000, 0.000000, 0.000000, 1.000000, 0.000000]
